603109
300116
600789
000955
300147
002041
600235
002166
000716
600223
000514
300329
300086
300432
300386
002581
000597
000078
600061
600513
603399
000998
000818
603196
002878
603567
002291
300811
300805
002729
603613
603366
600678
002603
000518
300787
300807
603031
002972
300551
600053
603348
300585
300693
603880
600095
300312
600683
002098
002385
600546
603037
300363
603598
002497
300300
300465
002192
300526
300013
603059
688300
000789
002030
002100
300004
300054
300773
300387
002487
002845
600613
002777
300239
300762
600146
300087
600801
002466
603825
603601
603039
002105
300636
603727
002343
600812
603333
300541
600222
603959
600332
600200
002970
002687
603016
000632
002320
601107
600528
600279
603721
002719
600673
002123
600771
300235
300107
002259
600485
000631
601162
002317
603536
002089
300394
688366
000971
002762
600289
002965
600998
600856
000792
300339
300158
603558
601872
002022
600891
002005
002501
300725
300108
002194
000672
300457
000756
600079
002801
002007
300482
600988
000681
300792
300434
688078
603133
600354
002675
600630
300042
002107
300039
603938
300071
603309
002714
000516
002455
603739
603477
000921
688036
600665
600068
300126
600746
002670
300132
601128
300409
600397
603083
300779
603788
002864
002900
300639
300772
002799
002688
002414
603916
000739
300436
000628
600216
300705
002664
600802
600851
300510
002755
600556
600585
603603
002880
603879
601138
300633
600666
000999
600186
002475
600380
300019
600425
603666
000555
002080
000582
600652
300584
300485
688198
000908
002663
002038
600765
002430
300003
002494
600478
600449
603222
002001
603033
002367
601800
603773
603218
300404
000710
002108
002531
688005
300499
002008
300618
002750
600161
600129
300173
300106
603129
600285
600267
601669
300674
601992
600594
300570
002628
300119
002329
688098
000788
002250
603980
600566
002571
002644
000877
002392
002384
600260
000790
600581
603277
300503
600783
002695
603111
002400
002131
000153
603367
600626
600083
603811
688166
600466
002612
603798
600379
002370
002833
000063
603600
000652
600660
000609
603566
600664
600163
000972
002118
603315
300701
002472
002359
000876
002365
600738
300088
002023
300565
600697
300150
600422
000403
688029
600448
300572
002907
300083
300223
002597
002162
603669
300685
000713
002157
300267
600583
300472
603036
002252
603380
002792
603758
002773
300731
000830
600668
603363
002213
000975
600976
002556
002437
603579
002332
002822
603838
688399
603801
300347
300122
600070
002198
603131
000910
002642
002932
300063
688358
002873
002301
000155
002901
600419
600715
000603
000650
600867
002424
002240
600565
600557
000553
600058
300634
300382
601966
000661
603298
688123
601222
000513
002534
002349
601588
600596
600215
300326
603358
300683
002479
603189
600426
000592
000401
002075
300238
002678
002058
603963
688068
300630
300226
600975
600834
002372
600569
603517
300194
600480
002202
601607
603707
600774
300676
002020
002210
002731
603608
002256
600276
603630
603998
002505
000989
002963
002943
300272
300142
300462
002239
000935
600635
002216
300395
600720
600351
603823
300015
300357
300502
300112
300529
603519
000806
002788
603886
002640
300031
002251
000065
300796
300680
002226
300799
603606
300713
603887
601899
002377
603021
002875
600488
600209
600933
002044
002242
002548
002110
601177
600420
002923
600153
002559
002099
603138
002737
603929
601789
600305
000625
600329
000898
603882
000036
002393
600039
300760
600496
300662
601388
600339
300451
000928
002787
002014
000158
600622
603983
600597
002458
000565
600741
300078
600055
603077
002734
300255
300167
603688
688258
600467
300536
300233
002950
300176
600077
603008
000816
600155
002237
600682
688011
603390
002940
002758
002410
603214
603587
300406
000736
300595
603556
600760
300215
600573
600808
600572
300753
600211
300010
002160
300577
300718
000963
300401
600776
000680
600848
603203
603697
002919
002019
002042
600872
002607
600246
603160
300385
300199
300110
000002
601163
600206
603676
002557
600094
002826
603722
601015
603969
300747
002206
300348
000055
002358
601990
300562
002562
002929
000566
600965
000037
000534
300587
002233
600479
002412
002170
002524
600076
002223
603063
000812
600283
002742
000517
002462
300273
001872
600086
300056
002300
002363
002798
000996
002947
002588
300181
603612
600313
002847
002302
002653
300780
603127
600056
603167
600829
300133
002728
000590
002034
002319
002435
300405
603637
300692
603658
002037
300545
300501
603385
002551
300453
300755
600721
600203
600839
000026
002641
002510
300026
688021
002637
002547
600150
300642
600620
603239
000952
600870
002567
002219
300155
600167
000810
600358
600322
002460
002312
603538
600080
002532
300014
300313
601111
603305
002566
002515
603103
300263
002827
300023
603006
300197
688202
603233
600530
603909
600535
603899
300722
603136
600316
002185
002079
600377
002234
603987
603858
600750
600226
600248
300154
600383
600616
600031
002434
300703
002432
603499
603878
300452
300468
300377
300214
002909
603718
300403
002504
000950
000702
000656
600782
000025
000976
603506
002451
688168
002775
000752
000023
603599
601718
600547
600062
002550
002433
000570
300463
002778
300534
002481
600271
603139
000090
000919
002303
000785
002821
000686
600579
600196
600511
002832
603268
600850
600718
000157
600127
002570
000538
600993
688116
002271
603217
600548
000759
600311
300569
603970
603301
300788
300090
002538
002860
000667
300612
603590
002445
000035
002263
600619
600612
000338
000712
002615
002217
300294
603283
603322
600761
600621
600090
000584
603236
603387
600843
600689
600792
002270
600592
600489
600026
603108
002780
603648
000407
600117
002461
300507
600418
300009
300365
002958
603113
603896
600257
300218
600195
002399
600075
600321
000953
002584
300289
002074
603888
002275
603588
002093
002741
002220
603429
300475
300396
002065
603555
300244
600487
603958
600468
002478
000957
300684
688016
002891
300368
000753
002568
600599
600368
600724
300193
600961
300021
300635
603860
603117
300049
603955
600162
002104
002360
601900
603158
002010
600106
002083
603898
002966
300187
000875
000423
002869
300253
300298
600810
000809
000717
002511
300478
002480
002825
688003
603809
600073
601326
600881
603369
000150
002321
300324
002796
600939
300356
601016
300048
601666
600021
002345
603337
002287
603156
600298
002887
600882
300613
002341
600188
600371
300332
600326
603259
002898
002103
002910
603826
603985
600671
603489
002180
603995
002004
603679
603321
601838
000429
002076
600766
000581
300149
600740
601881
600481
300412
300617
688101
000705
600736
600763
300649
603169
300489
300496
002178
002061
601002
600495
600400
002306
002657
603339
300355
600398
300204
000529
002577
002691
300077
601298
002268
600301
000552
600858
000048
300414
601901
600758
002429
002422
600183
600568
002661
603868
002155
002941
002062
300378
000938
603988
601001
688023
600706
300579
600009
600726
002184
600337
600866
002598
603716
300689
600798
600197
600416
002448
000868
002727
002262
002872
600381
002852
002686
002580
300254
688139
300206
300072
002558
300062
002337
300284
603609
000571
002917
002168
000568
600692
600027
600390
600483
600231
600299
001914
600618
601567
600710
603466
601500
002836
300556
002174
600518
600493
000766
601668
600512
002186
300428
002142
600894
603188
002176
002835
002381
600361
600208
300416
000599
300422
600989
000030
600794
002443
002808
600018
603159
603168
603698
600108
300262
300439
000525
600100
002783
002519
600893
603657
300487
000404
300498
600603
002939
688122
300715
002248
600730
002420
603099
601606
300664
000885
002726
603706
000913
000811
600295
600158
300552
603313
002634
600085
300661
603067
600841
603689
000715
603939
002840
000596
600822
002203
300767
603977
600690
000707
603018
603616
600307
603316
600846
300230
000721
002888
688288
600038
002763
601566
002659
002357
600716
300195
002026
600527
002489
300573
002390
000897
603197
000520
002723
600645
300399
002645
002483
002147
603866
002968
603767
300094
603833
000670
603229
002189
603778
603356
300456
000703
300506
300261
600378
002609
002444
300245
300067
002512
601069
002697
601918
000420
002694
600116
603908
600252
002416
600119
300736
603737
300213
002146
002563
300105
601811
600595
002376
002305
000505
600340
600651
002102
002857
000655
000615
601068
002221
002683
600897
000880
600655
000698
002868
603043
002109
002942
600345
002347
002865
601003
600871
002401
603220
603161
600292
600455
002671
300608
300746
688025
600220
000521
603007
600006
002091
600330
002289
688009
603045
688022
603569
600606
603368
600970
300761
603389
600733
600561
300314
300109
603843
600795
601658
600780
002471
300225
002782
600328
000839
601330
300171
002666
300665
603559
300342
300246
002650
688321
000932
002885
000509
002803
000593
300316
002288
600624
600817
002651
300092
002507
000767
603711
600247
000591
600661
300163
002539
300034
002893
600136
000638
603816
300212
300178
002292
300032
601727
002542
002536
002033
002858
300797
002533
603179
603279
300341
603580
002545
002081
000862
603351
603128
002025
600826
300075
600890
600973
600526
600284
600317
002774
600187
300120
002565
000611
601677
002589
002859
002911
002718
600688
002402
002281
601866
603320
000526
002746
600729
601000
300164
002626
000731
600725
600325
300237
603187
002656
000610
000530
300251
603730
603687
601518
603507
600818
600122
002925
002215
600637
300483
002228
000006
600793
600628
000504
002708
000722
000777
603025
300809
600749
300519
600429
002245
300681
000539
002543
600359
300248
600523
300554
603618
600212
002493
300454
603299
603336
300793
603098
600280
000778
002946
600365
600644
002459
601618
601158
002231
000931
300161
600674
603093
601598
688030
002721
000502
300589
002225
002144
300221
600587
601890
600022
002496
603803
600874
002560
300592
603035
002949
002120
000422
601106
600172
002361
300539
603186
000906
603806
600182
600685
002171
002839
000905
300084
600051
000760
688033
688058
000613
002032
600128
000017
603080
600820
000639
603577
600545
600967
002554
000893
002928
002431
300802
600395
600821
600190
002057
603329
603927
002241
603066
603327
600889
600757
600550
002308
603289
603393
000573
600436
300051
002807
600713
600578
000498
603665
600531
601858
601139
002753
300143
002342
300407
000813
600409
601949
002278
600066
002106
300413
000965
603628
603311
603015
601808
600178
300806
603200
002325
002297
000838
600346
002405
000912
300488
300311
300737
002790
601108
300601
600202
002690
600236
600126
600869
000554
002616
600350
688357
603090
600983
000417
600008
600399
600969
002133
600735
600522
603639
601369
002059
002229
002208
601238
300588
600302
300156
002912
603777
002583
688268
600805
603355
300511
002791
002200
600363
600373
600059
600028
603926
002112
000968
601579
000605
002235
600282
000557
600521
603421
600333
603990
000929
600173
000430
603076
300682
300288
000797
600638
002537
600855
002419
600327
000959
600096
603183
603500
601611
002488
601375
300637
300185
002267
000801
600807
300319
600778
002658
601882
600997
300625
000008
000587
300431
002800
000791
002425
002638
300411
002748
000099
601200
002086
300653
300203
603712
603378
600273
000669
603308
601366
600785
603615
603900
002298
002394
002490
600306
000159
601928
600272
300732
600571
300591
603458
300243
300265
600543
300470
603027
601008
600193
603683
002768
600598
600388
002122
002938
002576
002307
002592
600097
600525
603269
601390
600748
600023
002948
600959
600461
300179
000691
002286
002438
000620
002457
601186
000988
601880
600502
000402
300065
300672
300157
603693
300318
000825
603596
002415
002752
300790
601615
002309
688389
600679
600281
603069
002546
300716
000510
300710
300429
603786
600228
000544
600166
002124
600979
000548
600777
002757
603223
600838
002639
000837
000503
603359
601233
600250
002702
000560
600676
688299
600629
002232
300795
603042
603861
000888
600438
600275
603717
001965
600336
002732
002356
601818
002701
002682
600623
600089
300074
603056
002396
002918
603583
000551
300724
600168
300202
002722
000687
000637
300371
002272
300016
600052
002672
000421
600662
600608
300114
600694
000419
300512
300421
300505
000528
000598
601019
002366
688108
002624
002936
688089
000014
601952
600169
002899
002693
002040
300555
002073
002717
002849
600405
600588
600229
600121
002322
002779
603226
002101
601098
603178
600562
600113
000564
002738
600352
600919
601155
603060
600570
300217
600909
000617
000411
300441
000899
601991
688001
601208
002862
000861
000607
603808
603815
603650
600743
600475
603677
300504
600227
300292
300123
002819
603703
600636
002574
600699
603326
600217
002125
002776
300113
000709
603757
600756
603535
000301
600693
300599
002407
600704
300558
601919
603876
300135
002470
000750
600149
300438
002516
002126
002553
000536
600060
000659
002561
600577
600251
300527
300420
600863
000533
688008
002789
600800
300040
688088
603883
603050
002681
002440
000901
300144
600887
000088
300626
600477
601828
603520
002883
601218
601169
300652
002841
300383
603041
000506
600213
300675
600560
002514
600642
002374
001696
600698
600323
600968
600288
300559
601360
600012
002805
603915
603602
603505
600978
300012
300481
300398
300100
600234
600037
002930
002179
603779
300606
002299
600287
000887
300057
002398
601577
300593
002060
000545
600739
601616
600054
600886
002921
600033
002549
002314
000005
300099
002895
000027
002823
002856
603515
601216
600853
601997
300547
300337
688010
688310
002195
603053
002051
300330
688128
600558
300002
000729
002486
600929
300064
000558
300153
002491
600256
002277
300241
300600
600482
000925
002555
603817
002046
600775
603533
300219
000010
603776
000657
600992
603966
300152
600868
688333
603848
603680
000678
601512
300370
603357
600686
300266
000860
600303
600458
300121
300338
600170
600727
603901
300532
002700
002513
000020
001896
002087
000679
000719
300400
600439
000070
600509
601699
600491
600601
603607
002890
002141
688369
002043
600452
603728
603032
300643
002095
601608
603766
300138
300117
002316
000695
603118
002771
002246
000626
600210
603636
002164
000415
002054
300739
600071
603365
601228
600015
603318
002608
002364
600165
000949
002593
600928
002468
002116
000755
688007
002952
600067
600657
300321
000768
600551
002843
002469
603020
600000
300275
603668
600269
000895
688363
000883
600470
002121
002165
000977
601116
002334
002016
600593
300425
601009
600020
300647
603106
300538
600963
600148
600873
600072
000100
300283
002351
688196
600277
300535
300252
000726
300376
600308
600875
600857
300433
300619
600309
603813
002161
600261
300165
300017
600617
603335
002725
002423
002454
002903
000541
000990
601166
600844
300641
603662
002310
603011
300517
300720
300561
603828
002527
300437
002254
601989
002961
002528
300623
000948
603323
600711
300648
002088
002838
300435
000856
002453
002135
601636
603338
600908
000606
600011
000061
002350
603918
300006
002668
688020
300188
603889
603181
600648
002375
601689
601628
601857
300466
300260
300397
300011
300095
002521
000918
002760
002382
002620
600723
000983
601336
000798
600745
300354
600865
300492
688002
600990
300353
600696
601117
601717
000926
600536
601788
600099
600639
300334
002960
600663
300549
600681
300190
002013
600177
300443
002085
000858
002140
600029
600143
600463
300352
601021
300644
002017
300658
000524
603330
603881
300448
600977
300137
002330
000069
600995
002587
600501
002411
300560
002193
300469
600996
603388
000050
002391
300270
600387
300598
002474
603595
601633
603919
300657
002158
603101
600827
688028
600926
300509
600833
000011
300546
600064
000089
002673
002313
600131
601555
002024
000779
600410
600315
600803
300140
600520
002346
603797
300234
002191
600259
300759
300735
300423
603912
603903
603456
300673
600093
300669
300727
002922
300349
603013
002111
002594
300698
300531
300769
300146
300007
300125
603991
002230
300130
600900
300553
002463
300607
000333
688199
300596
603005
603079
688278
688181
688178
688158
688111
688100
688081
603895
603855
603799
603790
603726
603568
603551
603518
603288
603116
603086
601998
601996
601975
601939
601929
601898
601886
601816
601619
601600
601339
601299
601268
601226
601199
601188
601127
601101
601086
601058
601010
601005
600991
600982
600981
600966
600936
600903
600899
600878
600854
600852
600849
600842
600840
600835
600832
600828
600814
600813
600811
600806
600799
600791
600790
600788
600786
600772
600769
600762
600759
600752
600747
600744
600737
600734
600717
600709
600708
600700
600687
600680
600672
600670
600669
600659
600656
600654
600646
600632
600631
600627
600625
600611
600610
600607
600591
600582
600553
600539
600538
600537
600533
600500
600499
600472
600469
600432
600428
600415
600408
600401
600391
600382
600357
600356
600338
600320
600319
600312
600297
600296
600286
600278
600270
600263
600253
600249
600239
600230
600221
600205
600191
600189
600181
600176
600159
600157
600145
600133
600130
600123
600112
600104
600102
600098
600092
600087
600084
600074
600065
600057
600050
600035
600017
600016
600010
600005
600003
600002
600001
300813
300812
300808
300733
300730
300624
300610
300603
300566
300521
300514
300493
300484
300391
300372
300291
300269
300264
300258
300240
300222
300216
300210
300196
300189
300186
300175
300172
300169
300104
300070
300052
300028
300018
300008
003816
002973
002971
002871
002863
002772
002769
002689
002685
002680
002676
002662
002633
002610
002604
002573
002535
002526
002523
002509
002506
002498
002495
002477
002456
002450
002386
002348
002327
002315
002290
002283
002282
002264
002260
002247
002243
002207
002148
002143
002127
002115
002096
002070
002069
002068
002053
002031
002018
002011
000995
000982
000979
000978
000973
000962
000956
000939
000933
000916
000903
000902
000900
000890
000882
000866
000852
000850
000848
000832
000827
000819
000817
000805
000787
000782
000780
000769
000765
000763
000748
000730
000699
000693
000692
000689
000683
000677
000675
000665
000660
000658
000653
000651
000621
000618
000616
000602
000600
000594
000588
000583
000578
000576
000569
000562
000561
000556
000549
000542
000535
000531
000527
000522
000515
000511
000508
000428
000418
000412
000410
000406
000405
000151
000096
000059
000049
000047
000033
000031
000029
000024
000019
000018
000015
000013
000004
000003
300801
000869
603000
603508
601088
600262
601888
603238
002951
300631
300280
300783
603286
600895
002643
603968
300328
603605
002253
300563
300024
002028
300340
600233
002751
603225
000708
300654
600584
002861
300458
600444
300308
002709
300741
000735
600650
000586
603486
002802
300041
000800
300170
000987
002212
002595
300721
601007
002353
603001
603100
300351
300629
002187
002395
300583
300602
300650
300417
300670
603818
300640
002500
000828
601006
300476
300410
603708
002886
000997
300059
000922
002009
600883
600486
000519
300679
600367
603810
000762
000058
600755
000993
603029
603038
600160
600917
002388
002408
601766
603733
002209
300358
603306
002092
601515
688099
000917
002520
601077
000668
603663
000930
300380
000738
002596
002084
000821
002339
300523
603701
300497
002740
601100
601798
300053
300419
603377
300632
002063
600971
603869
603527
603260
601398
600552
002097
600714
600115
600773
002902
603019
002606
600019
603678
600600
000690
601328
600353
000958
601126
600348
603611
002926
601801
000425
000711
002190
603829
002055
000701
603906
002916
603017
300350
000066
600984
300168
600192
600141
300043
600506
000833
601985
300036
002331
603126
002397
600576
600705
000663
601916
002452
600767
600722
002499
603227
000966
002795
603819
600831
000757
600888
002585
002564
300471
002446
603979
000563
002145
300525
300568
600310
002837
002908
002403
600519
300305
000886
002266
002159
002631
002927
002311
002362
300047
002236
300430
002820
000700
002652
600460
300022
002601
300287
000718
601018
601099
600684
600184
603010
300464
603379
600091
000836
002227
603256
601212
000937
300205
002735
603686
601179
603768
603789
002304
600372
002578
002518
002882
000697
000961
600859
000803
300621
601113
300528
600152
300700
300708
002665
002677
300055
603198
000920
002649
000623
600845
300044
603068
002204
600960
300459
002255
000595
002052
601229
300360
002818
002619
600293
600508
601311
300103
603009
000732
300402
000507
601333
002003
600498
603180
002937
002293
002739
601908
603088
600225
300177
002492
300597
603617
600751
603960
601368
000629
600590
300659
600877
300335
300712
603589
600815
002050
002418
002354
688006
300668
300297
600980
603696
603709
300020
002582
601799
000601
603096
002674
002177
603660
002613
002544
603085
603516
300191
600266
002273
600958
300362
300628
002655
002646
002196
603967
000915
002015
300166
000909
300366
300687
600078
600575
600268
300131
002765
000166
601678
300663
603725
300310
300228
601968
601319
600507
601933
300444
300696
603976
000426
002130
300477
000608
002632
300373
601877
002340
300129
002810
600742
603610
000409
300611
002770
002850
603501
002630
603105
002867
000783
600151
002575
600375
300111
300192
002667
600675
600109
300781
000543
002806
300331
600702
002369
300660
000796
000046
000725
300513
600105
600219
600605
002294
002828
600862
300304
002338
603800
300620
601198
002482
000016
603993
603040
300491
002128
002605
300198
002816
000612
300278
002611
000671
002962
603681
300290
002541
002201
600987
600025
300651
002183
603917
600691
002572
300638
000068
002786
002002
000633
300564
002897
300091
000685
600446
000967
000951
600804
600653
002335
002045
600880
600879
002296
002579
601318
000761
002129
000635
600063
000585
300271
300282
300666
300096
600781
600335
300738
603030
002733
002175
300508
002915
603585
603667
002136
600649
300359
300277
000572
300301
600728
601860
603656
002172
603416
600218
600132
000728
002389
601988
603978
600830
002591
601020
600175
002759
300369
300717
688188
001979
002421
601225
600048
300068
002467
000559
603586
300424
600135
002614
300375
300388
300080
002222
600318
002167
300182
600787
600809
000550
603303
688388
600580
688218
000488
300582
603177
300699
000820
000682
002324
002035
603992
002067
600423
002276
002797
601012
300037
300590
600118
601118
002244
603839
000822
600421
603661
603319
300447
603003
300320
000751
002274
600559
603867
300061
600376
002851
600503
603115
300209
002404
300671
300740
601869
002830
002736
002134
002027
600385
300516
600255
600110
002707
002173
300743
300426
300045
600490
300450
600111
002465
000863
300609
300134
601777
002224
603700
002522
000826
600343
600640
002715
600392
300500
000676
300281
300667
601011
600036
300082
002218
300445
300622
600125
000985
300533
300594
603058
300098
000523
300656
603856
000923
600300
300449
002265
000758
300124
603859
300756
603398
603317
002811
000619
300174
002371
600896
600265
600861
300247
600753
688138
002258
002747
300690
600138
002712
002380
600180
600101
300231
300749
300515
300726
300495
300236
000056
300467
300384
603528
603897
000881
600602
000001
300364
002621
603822
600505
603331
600107
002879
600770
000786
603713
002197
002383
002815
600476
000802
600406
300765
603890
300333
002906
600331
300148
603199
002336
002036
600540
300719
603232
002153
600369
000032
002517
002913
002149
300581
600232
300427
300250
300474
603619
300550
600901
600797
002884
603787
600641
002660
000892
000012
601137
002064
600985
002945
600386
603928
300038
601288
600884
688015
300695
300479
300768
600088
002692
000042
603023
600860
300723
002379
000622
300097
600435
300029
300518
300309
300089
002029
000776
002508
600555
300776
300440
603121
600824
603185
601958
300522
002150
603659
603328
603165
002920
000793
000546
300557
300393
002139
600816
600366
300575
300005
300711
300766
601558
002648
002344
300257
002413
002959
300367
000060
600643
002540
002114
002476
002464
603871
002953
300249
002698
603638
600647
002211
600199
002132
300184
002905
600731
000028
300025
000807
603383
002618
002205
300346
600962
300336
601028
002831
300752
002870
002713
688012
300442
002279
601377
603997
000627
300128
300697
002933
300093
000831
002957
002417
300327
600609
603982
600604
600885
300159
000400
002238
300299
300220
000980
601211
600120
002705
002280
601969
002214
002047
600586
002094
300615
300343
002781
000969
002679
601698
600567
603933
300115
600207
002006
000589
600549
300757
300770
000416
300118
601601
002892
600517
300605
300578
603578
002049
002333
600389
300208
600156
688066
600081
000062
300480
603755
600243
600497
300691
600784
300677
002484
002151
300139
603297
000936
600732
000537
300256
603936
000911
002877
603192
300151
603123
002318
600355
000673
000815
600238
603496
002706
000413
601236
300418
300580
000540
002625
688019
002117
600836
601965
000045
000851
600563
603986
300758
300604
600462
002529
603332
300745
002012
002368
601865
600185
000688
601595
000666
300791
603386
002328
603729
002724
300102
002889
603028
300540
002426
600898
600634
002373
300548
000630
300775
000009
600837
300543
300066
002295
002138
601231
300408
603699
603266
002703
600703
000795
002853
002090
603444
300777
002935
002449
603557
002793
002696
600201
603629
002441
603012
603228
603626
300079
300200
002730
300295
000547
002352
300211
002955
002284
002600
688018
601519
300729
600456
300742
002182
300786
300136
002848
300345
600999
600030
300530
601688
300073
000532
603685
002855
603956
600103
300751
002071
000034
603055
603110
000720
600589
002824
002447
600796
603488
300085
300461
002866
000408
600198
600069
601599
002439
601999
002378
300274
002078
002113
300567
300285
300490
002881
002743
300076
002154
600823
300702
300286
603633
300694
600825
300183
300001
300494
603078
000501
002473
300180
601038
002056
002552
300455
603996
000723
603863
300160
002586
000889
002813
002956
000878
600396
300232
002767
300678
300415
002636
300302
300276
002569
600510
300141
300035
300268
300486
600360
603300
600754
002503
000662
300224
002077
300810
000038
603937
000737
603258
600237
688368
000799
300242
603989
002876
002716
300803
000636
000829
300050
300778
300460
688118
000970
300058
603530
300520
600847
601066
002817
002249
603396
600677
002745
002199
002617
002152
603002
002590
300473
600291
600779
600658
300306
300771
000960
002355
002137
603267
002969
603157
300229
002809
300027
300207
600004
600819
600241
300688
600516
601878
300782
300616
600459
300033
600139
000567
000823
603885
601700
600986
300145
603877
002622
600876
002039
002156
300390
300227
300542
300389
300315
600433
300381
600362
002285
600529
603690
002066
603360
300081
002485
300379
300101
300201
002829
600701
600171
603026
600864
600515
600764
000156
000007
002812
300645
002163
600667
603166
300293
600707
300127
600532
300392
300706
300785
000859
603208
300046
000835
002530
600633
002502
002387
300655
600114
300763
603278
300296
300537
600768
002635
600615
300323
300798
601168
300748
600082
300259
002599
002785
600240
603999
000040
600007
002436
002169
000021
002699
600712
002931
002669
300322
002896
300374
002761
600892
600403
000733
002427
300303
300686
002326
603345
002842
688039
002623
002409
300317
002261
300750
002048
002406
300800
002749
601258
300709
002428
300279
002756
002846
002181
603022
002627
603738
300571
000727
002119
002602
000039
600695
300162
600719
603920
002442
300789
300707
300627
300030
603655
600258
002967
603081
300344
002269
300446
603089
603922
002021
600179
002684
600290
002072
002188
002629
300325
002323
002766
000981
600614
300069
002711
600370
600242
002654
688037
600393
300576
002082
600137
300586
300307
000927
002647
